line
0 0 0 300 0 0
line
300 0 0 300 100 0
line
300 100 0 100 100 0
line
100 100 0 100 200 0
line
100 200 0 200 200 0
line
200 200 0 200 300 0
line
200 300 0 100 300 0
line
100 300 0 100 400 0
line
100 400 0 300 400 0
line
300 400 0 300 500 0
line
300 500 0 0 500 0
line
0 500 0 0 0 0
line
0 0 0 300 0 0
line
300 0 100 300 100 100
line
300 100 100 100 100 100
line
100 100 100 100 200 100
line
100 200 100 200 200 100
line
200 200 100 200 300 100
line
200 300 100 100 300 100
line
100 300 100 100 400 100
line
100 400 100 300 400 100
line
300 400 100 300 500 100
line
300 500 100 0 500 100
line
0 500 100 0 0 100
line
0 0 0 0 0 100
line
0 500 0 0 500 100
line
300 500 0 300 500 100
line
300 100 0 300 100 100
line
300 0 0 300 0 100
line
100 100 0 100 100 100
line
100 200 0 100 200 100
line
200 200 0 200 200 100
line
200 300 0 200 300 100
line
100 300 0 100 300 100
line
100 400 0 100 400 100
line
300 400 0 300 400 100
ident
scale
.5 .5 .5
move
100 100 0
rotate
z 20
rotate
x 20
rotate
y 40
move
100 150 0
apply
display
save
e.png